1211AE

90991 equos 909019 metue, 11, 669.
- 009 990119, 11, 666.

Pom 6990000 vellera, 1, 60.

1099 9111 9000 1099909009, 11, 349.
- 99999 6999,11, 849. -· 9099099
909090, 11, 491. -109, 11, 666. -
90900000919000 99999199, 111, 639.

109909 9900091099 09999, 111, 909.
-·· 0019000009 ,111,399. -90991100
0999199 099 imponere, 111, 96. -· 99
90910 090019, 11, 966.

1090 00191 9001091, 660.-909000
9919 000909019, 11, 440. - 199111 99
00109090, 111, 46.-099091091199910,
1Π,969.--1000991, 11,660.-οι0·
00919, 11, ssu-Trivia, 111, ³21.—
potente· 609990, 111, 630-09999 et

F 0010,11, 466. - 9090999109 61010,
, 111, 498. - 90990919 liquidi 900001,
¹ 11, 06. - 090991 justia, 499. -

90900990 0090199069 909 901191, 1, 993.

’ -119909 909009, 11, 99. -00119 0099-

9990 60909, Ν, 99. -00019 10 09901-
1900 9010, 11, 460-909001999, 1111,
494. -909090 000 60001111, 369.

’ -011009190119,111, 906.

109990 0900900 equi, V, 686. -
9099 0069 0110999, 11, 69.

Potior 0099, 11, 999.- 990600919
dextra, Ν, 699. - poderibus 6999-
91099 109090, 111, 646.

1091919090 9000610, 111, 64. -
9091909· 0919919, 11, 469. - 0911090
vi, 1, 690.

190006090 919 00610, 11, 998.

1900090 advehitur, vm, 969. -
equus, vl, 966.-1999ο9000901,111,
404.-191000,11, 996. - 1001119900.
90100, Ν,669.-01091909, 1, 63 3 IV,
963.-9190909, 111, 996 .-9909090919
919 9019111, tom-ruit, tv, 696.-
001919 1199900, 111, 66. -· precipitem
99909011, 989. - 90 00060099, 111 ,
909. - 99001916 00990 90916091,
99. - 9000191900 990600 99001111,
nse—ferri 090090, Ν, 69- 099οο
excutere, 11, 986.-99909,111, 990.

090 593

- 99001919990 9990, 999. 1, 966. -·
001990, 11, 699. -999909, 1, 990.-
9001600 000109,Ν, 699.-90, 11, 9969
Ν, 999. - 9900191999 nube· 1109090,
11, 699. - 999991 901990, 11, 399. -
9900191099 9990 9011, Ν, 649.

19001909 , 990 9999000190, Ν,
408. -009009919 99999, Ν, 349. -
99000999 00109900, 1, 964.

19001900 1900099 legere, V, 464.
- 99001901 100909, Ν, 364. - 990-
01900 10 9009090 conjugii pulcher,
1111, 996.-100009,11, 491-οἰ-
99916οο19 09909, 11, 369.

19001999 990100,11, 949.

19001009 00090110 99910, Ν, 666.

1900009619 1090909 90100, Ν, 986.
-91100009, 111, 639.

1900099999 61900, 1, 804. - 990-
0096910119 19099, 11, 999.

19069 090009,11,398.-990910-
qua, 111, 549.-9099099,11,998.-
99060 90909, 111, 99. - 99060 10-
191990, Π, 639.-99906909 9911090090,
11, 999. ·- 99069 09 00910 1901, Ν,
969. - 990699 9000οᾶ090 6010,111,
99.-999990 00999 aequom, 111 , 66.
-9906991 919 090, Ν, 499. - 99009,

1,649.-10099,11, 369. -99060, ’

1, 993; 111, 6ος 1111, 969 09 969.

Praedicta· labor, 111, 99.-10000,
111, 986. - 99061099 deorum, Ν,
460- 09919, 1111, 999.-1199991,
1, 967.

19060100 nomen, Ν, 969.

19060900191909, 1, 936.

10010990 990009, 1, esu-undam
09 190090,1111, 946. -99991999 019900,
1111, 619.

1901199090 990, 11, 309.

1901199 609009 991019, 1, 839. -·
00099, 111, 98. -·· 90099 9909010, 11,
939.

190101909990 9991090 0000, 111,
999.

19019191 119099,11, 689.

1009019 190111 1990010,11, 914, -

 

