611 11111 , AEGE

16110001 109111,1, 407. ·— 101 0011, 186- 900101, 11, 108. - 101001,

111,16.-16000111900111100,11,349, 11, 184. - 1610111 11011, 1, 6907
66001010 11110 11161,111, 501.-’- 11, 740- 6110611,11, 109. - 1111,

16100101 16001101,11, 651. - 16· 11, 65971111, 196-161011111· 0110,

0011 0010111,1, 50-160011 10100, 11, 18.

V, 141. 66100110 911101, 1, 73. -006111

1601010 6100117111, 443. 9111111,11, 187.

660101 51111 11109110 , 11, 448. 66101111 111001, I, 1637 111, 717

6601111 1119000,1, 694711, 360. VI, 655. - 011,11, 300. - 1610-
- 109001, 11, 375711, 541. - 910- 111, 1, 108711, 114711, 341, 370,
9001010 10911,1, 694. 6557111, 165, 618.

6611110 010110, 11, 416. - 111601 667111 1101911011, 437. -10111
11111,1,641.-1611101 10111 00011· 10 101,1, 705. —- 6010101001οι,
601109011,111, 166. 1111, 141.

6611110100 0601,11, 103. -- 16· AEae, V, 51. - 11, 96.
1111011000101601006110,1,181. 6111016001, 139, 4057 11, 417,

66111101 61000101, 1111, 336. 5117111, 693, 715, 7117 11318.-

16106011190101, 111, 497. - hu· mucida, IV, 1137 1, 574.

· 0010,111,69. - advehitur, 111, 465 7 6111111310111101, VI, 189. ··- 901-
1111161. - 1610111001 90601 1101- 111,1, 451. - 17110001,1, 548.-
9111, 1, 367. -- 1611011,11, 150.- AEaei 01091, 111, 181. - AEta 0161,
1611011101119111011,11, 106. 11, 6117 111, 360. —- aa orae,

661001, V, 540. -16101110001- V, 1767 111, 119. - AEu 100011,
001, 1, 566. - Ρ617101,1, 4617 VII, 191.

111616· ¹ AEas, V, 416.

Δ61001106001169119110111,11,463. 610111, 1, 437 111, 4957 11, 147
-ὑ 0111, 1, 460. - 100111, V, 536. 1,166, 190, 317, 394, 101, 554,
-1610011101010,1,157.-·910101, 5907 11, 137 111, 89, 64071111,
III, 175. - 110101, VI, 645. 11, 136, 350.

Advertit 909911 110010, IV, 733. 5011111 60101, 1111,379. - AEe·
-161111011 dim, 667. -- 1610110 111,11,54111167.- munus.
Apollo, V, 17. - 161011016011101, 111, 565. ··- aab, VI, 4617 111,
1, 493. -010111, VIII, 65. -100, 4457 1111, 133.

101, 11, 156. -·- 1111101,111, 97. - Edu 1111,1, 714.

31100111, 580. -11119011,11,56. 59011, 1, 619711, 715.

- 0001,1, 493-1019001 01601900, 1690101, 11, 366. - AEgm 910-
11,56.-1610110116161119111101111- 1006010, 1, 160. - 6901 190011,
101,111,616.-0011111101111,1’.6.11, 1, 661.

331. -·16101116001011 111010, VIII, Eget, 1, 7777 111, 571. - 11101,
317.-0100101,11,645.-0011,1, 111310- 909101,11, 93. - pu·
175. - 101101, 1, 390. - 1610111 601, 111, 514.- 1101011, 777. ·-
610101, 111, 134. - 011, VIII, 376. 1911 11100,11, 176. - 00011601, 111,
-·- 111101, 11, 406. - 01161,11, 183. - 911101, 111, 357. - qn
164. -1610111 111110, VI, 170. - 0101190110,111, 116. - 01010,11,
silve, 111, 410, -· 16101100 19001, 719. - 911001, 11, 46. -. 10901601,
1, 160. -- 01100, 11, 619. - 601- 111,395.-1111,11,379. - 11190,
11110,1111,111.- 601010,1111, 11, 7537111, 5. ·- 19100 101,

 

